39
40

43
44
45
46

64
65
66
67
68
69
70
71
72
73
74
75
76
77
78
79
80
81
82
83
84
85
86
87
88
89
90
91
92
93
94
95
96
97
98
99
100
101

115
116
117
118
119
120
121
122
123
124
125
126
127
128
129
130
131
132
133
134
135
136
137
138
139
140
141
142
143
144
145
146
147
148
149
150
151
152
153
154
155
156
157
158
159
160
161
162
163
164
165
166
167
168
169
170
171
172
173
174
175
176
177
178
179
180
181
182
183
184
185
186

202
203
204
205
206
207
208
209
210
211
212
213
214
215
216
217
218
219
220
221
222
223
224
225
226
227
228
229
230
231
232
233
234
235
236
237
238

262
263
264

268
269
270
271
272

279
280
281
282
283
284
285
286
287
288

297
298
299
300
301
302
303
304
305
306
307
308
309
310
311
312
313
314
315
316
317
318
319
320
321
322
323
324
325
326
327
328

342
343
344
345
346
347
348
349
350
351
352
353
354
355
356
357
358
359
360
361
362
363
364
365
366

382
383
384

387
388
389

392
393
394
395

398
399
400

403
404
405

408
409
410
411

414
415r

418
419
420
421

423
424r
425r
426
427
428
429
430r
431

433
434r
435

438
439
440
441

444
445
446
447
448

451
452

455
456
457

460
461
462

465
466

469
470
471
472
473
474
475

478
479
480
481

484

486

489
490
491

494
495
496

499

501

504
505
506
507
508
509
510
511
512
513
514
515
516

524

527
528
529

532
533
534
535
536
537
538
539

542
543
544

